1221324354
1020505152
1011121424
1524334251
4041434445
1021324554
0102324252
1524425153
0405354555
1322243140
3141434451
0211203344
0110233445
1323535455
0411121424
0204133140
0003040510
1525334353
0011223544
0413224051
3031324353
0102031323
3141434445
0212223031
0212232425
5051535455
0514233041
0111131415
3132334353
3031333435
3441424454
2122304050
0415223140
1222303132
0313233545
1520212225
0314253241
0212223040
1120334455
0111131421
4550515255
2021232425
2021223040
1323354555
3242535455
1222304050
1011131415
0010205051
0001030405
0415334251
0001021323
0112253445
1324334251
0011224453
0413203140
0413223142
3033344050
4041424445
0211334455
0304053545
0515253334
1425324150
2324253343
1424434445
1112314151
0414244344
0212222324
1524334051
0313235354
0515212225
1020324252
1011123141
0515253343
0001023242
1122354453
1525333435
3242525354
1423304152
3545515255
3033343540
5051525455
2425334353
0010203242
3031323435
1524354251
2021222425
1314153444
1011121415
0003041020
1524313342
1021304354
0112233443
0001020405
1415344454
4041424454
1121404142